[gd_scene load_steps=20 format=3 uid="uid://y8rua0xie7b8"]

[ext_resource type="Script" path="res://Scripts/Flashlight.gd" id="1_c2nwg"]
[ext_resource type="PackedScene" uid="uid://cv1h27mb6j2ii" path="res://Resources/Spawnables/Geometry/outside_environment/outside_floor.tscn" id="2_pt5d5"]
[ext_resource type="PackedScene" uid="uid://6e8rsdmoet1w" path="res://Resources/Spawnables/Geometry/outside_environment/wall_deco_long.tscn" id="3_n4tku"]
[ext_resource type="PackedScene" uid="uid://7rl2nlj37spi" path="res://Resources/Spawnables/Geometry/outside_environment/wall_pink.tscn" id="4_xg377"]
[ext_resource type="PackedScene" uid="uid://dn36o8rglq4gi" path="res://Resources/Spawnables/Geometry/outside_environment/windows_frame.tscn" id="5_6td6x"]
[ext_resource type="PackedScene" uid="uid://ygarwkq4mioi" path="res://Resources/Spawnables/Geometry/outside_environment/door.tscn" id="6_v5wb2"]
[ext_resource type="PackedScene" uid="uid://7n6g37y3qqt8" path="res://Resources/Spawnables/Geometry/outside_environment/BakeryName.tscn" id="7_sv8ul"]
[ext_resource type="PackedScene" uid="uid://b2h52qwcmf0qr" path="res://Resources/Spawnables/Geometry/outside_environment/outside_wall.tscn" id="8_qrk3j"]
[ext_resource type="PackedScene" uid="uid://boxs7jca05hj4" path="res://Resources/Spawnables/Geometry/interior_floor_wall/inside_floor.tscn" id="9_v0ejs"]
[ext_resource type="PackedScene" uid="uid://c3ybledrijy82" path="res://Resources/Spawnables/Geometry/interior_floor_wall/inside_wall.tscn" id="10_5r33i"]
[ext_resource type="PackedScene" uid="uid://d2cspr2cqru8w" path="res://Resources/Spawnables/Geometry/table_and_chair/Table.tscn" id="11_c7u4m"]
[ext_resource type="PackedScene" uid="uid://dqrpbslvgtub2" path="res://Resources/Spawnables/Geometry/table_and_chair/Chair.tscn" id="12_digcr"]
[ext_resource type="PackedScene" uid="uid://ypinosoa8ur6" path="res://Resources/Spawnables/Geometry/breadshelf/shelf_tall.tscn" id="13_yvso7"]
[ext_resource type="PackedScene" uid="uid://cbx83weqv2f3a" path="res://Resources/Spawnables/Geometry/breadshelf/shelf_bucket.tscn" id="14_dnnxm"]
[ext_resource type="PackedScene" uid="uid://3cvlnnmyxjfs" path="res://Resources/Spawnables/Geometry/Wood_deco/wood_deco_short.tscn" id="15_vk3yu"]
[ext_resource type="PackedScene" uid="uid://tdktco0mqinq" path="res://Resources/Spawnables/Geometry/food/Cake_B.tscn" id="16_dbgsl"]
[ext_resource type="PackedScene" uid="uid://8dvr4i6vxq6f" path="res://Resources/Spawnables/Geometry/food/Cake_C.tscn" id="17_sxqvr"]
[ext_resource type="PackedScene" uid="uid://k0tfae6balqe" path="res://Resources/Spawnables/Geometry/tablewares/plate.tscn" id="18_1nc74"]
[ext_resource type="PackedScene" uid="uid://bjuhxqiiv4cff" path="res://Resources/Spawnables/Geometry/food/Cup_A.tscn" id="19_5s5ka"]

[node name="MainEnviroment" type="Node3D"]

[node name="CuteCSG" type="CSGCombiner3D" parent="." groups=["CuteCSG"]]
layers = 2
use_collision = true

[node name="FlashlightCreateJoy" type="CSGCylinder3D" parent="CuteCSG" groups=["Flashlight"]]
transform = Transform3D(1, 0, 0, 0, -4.37114e-08, -1, 0, 1, -4.37114e-08, 0, 2.506, -4.5)
visible = false
operation = 1
radius = 5.0
height = 9.0
sides = 32
cone = true
script = ExtResource("1_c2nwg")
localOffset = Vector3(0, 0, -4.5)

[node name="HorrorCSG" type="CSGCombiner3D" parent="."]
layers = 4
use_collision = true

[node name="FlashlightErodeHorror" type="CSGCylinder3D" parent="HorrorCSG" groups=["Flashlight"]]
transform = Transform3D(1, 0, 0, 0, -4.37114e-08, -1, 0, 1, -4.37114e-08, 0, 2.506, -4.5)
operation = 2
radius = 5.0
height = 9.0
sides = 32
cone = true
script = ExtResource("1_c2nwg")
localOffset = Vector3(0, 0, -4.5)

[node name="LevelVisuals" type="Node3D" parent="."]

[node name="OutsideFloor" parent="LevelVisuals" instance=ExtResource("2_pt5d5")]
transform = Transform3D(0.63652, 0, 0, 0, 1.00803, 0, 0, 0, 0.529945, 1.85426, -1.19209e-07, -2.08223)

[node name="WallDecoLong" parent="LevelVisuals" instance=ExtResource("3_n4tku")]
transform = Transform3D(0.99997, -0.00762587, -0.00167602, 0.00763426, 0.999958, 0.00505532, 0.00163741, -0.00506796, 0.999986, 3.49188, -2.38419e-07, 0.0067867)

[node name="WallDecoLong" parent="LevelVisuals/WallDecoLong" instance=ExtResource("3_n4tku")]
transform = Transform3D(0.999969, -0.00762587, -0.00167602, 0.00763426, 0.999958, 0.00505532, 0.00163741, -0.00506796, 0.999986, -2.23176, 0.0436488, 0.01638)

[node name="WallPink" parent="LevelVisuals" instance=ExtResource("4_xg377")]
transform = Transform3D(1, 0, 0, 0, 1, 0, 0, 0, 1, 3.91227, 0.00269306, 0.0184203)

[node name="WindowsFrame" parent="LevelVisuals" instance=ExtResource("5_6td6x")]
transform = Transform3D(1, 0, 0, 0, 1, 0, 0, 0, 1, 2.90266, 0, 0)

[node name="WindowsFrame" parent="LevelVisuals/WindowsFrame" instance=ExtResource("5_6td6x")]
transform = Transform3D(1, 0, 0, 0, 1, 0, 0, 0, 1, -1.05795, 0, 0)

[node name="Door" parent="LevelVisuals" instance=ExtResource("6_v5wb2")]
transform = Transform3D(-0.999924, -0.00113927, 0.0122464, -0.00113379, 0.999999, 0.000454038, -0.0122469, 0.00044012, -0.999925, 0.277419, 0, -0.00494605)

[node name="WallDecoLong2" parent="LevelVisuals" instance=ExtResource("3_n4tku")]
transform = Transform3D(1, 0, 0, 0, 1, 0, 0, 0, 1, 0.228042, 0.00531435, 0.00384679)

[node name="BakeryName" parent="LevelVisuals" instance=ExtResource("7_sv8ul")]
transform = Transform3D(-0.999971, 0, 0.00766188, 0, 1, 0, -0.00766188, 0, -0.999971, 1.41581, 2.171, 0.107603)

[node name="OutsideWall2" parent="LevelVisuals" instance=ExtResource("8_qrk3j")]
transform = Transform3D(-1.51813, 0, -8.77303e-08, 0, 1.31623, 0, 1.3272e-07, 0, -1.00352, -3.50599, 0, 0)

[node name="OutsideWall2" parent="LevelVisuals/OutsideWall2" instance=ExtResource("8_qrk3j")]
transform = Transform3D(1.22491, 0, 0.0154345, 0, 1.31623, 0, -0.0188789, 0, 1.00143, -7.46786, 0.0207656, 0.00927186)

[node name="OutsideWall" parent="LevelVisuals" instance=ExtResource("8_qrk3j")]
transform = Transform3D(-1.37785, 0, -8.75757e-08, 0, 1.14727, 0, 1.20456e-07, 0, -1.00175, 1.97829, 2.20582, 0.0334882)

[node name="WallPink2" parent="LevelVisuals" instance=ExtResource("4_xg377")]
transform = Transform3D(1, 0, 0, 0, 1, 0, 0, 0, 1, -0.233542, 0, 0.00292596)

[node name="InsideFloor" parent="LevelVisuals" instance=ExtResource("9_v0ejs")]
transform = Transform3D(1, 0, 0, 0, 1, 0, 0, 0, 1, 2.32065, -2.38419e-07, 7.74661)

[node name="InsideWall" parent="LevelVisuals" instance=ExtResource("10_5r33i")]
transform = Transform3D(-4.37114e-08, 0, -1, 0, 1.13137, 0, 1, 0, -4.37114e-08, 7.47393, 0, 0.988331)

[node name="InsideWall2" parent="LevelVisuals" instance=ExtResource("10_5r33i")]
transform = Transform3D(-4.37114e-08, 0, -1, 0, 1.13137, 0, 1, 0, -4.37114e-08, 7.47393, 0, 2.86293)

[node name="InsideWall3" parent="LevelVisuals" instance=ExtResource("10_5r33i")]
transform = Transform3D(-4.37114e-08, 0, -1, 0, 1.13137, 0, 1, 0, -4.37114e-08, 7.47393, 0, 4.74351)

[node name="InsideWall4" parent="LevelVisuals" instance=ExtResource("10_5r33i")]
transform = Transform3D(-4.37114e-08, 0, -1, 0, 1.13137, 0, 1, 0, -4.37114e-08, 7.47393, 0, 6.64186)

[node name="InsideWall5" parent="LevelVisuals" instance=ExtResource("10_5r33i")]
transform = Transform3D(-4.37114e-08, 0, -1, 0, 1.13137, 0, 1, 0, -4.37114e-08, -3.2763, 0, 0.988331)

[node name="InsideWall9" parent="LevelVisuals" instance=ExtResource("10_5r33i")]
transform = Transform3D(-1.37464, 0, 8.74228e-08, 0, 1.13137, 0, -1.20174e-07, 0, -1, -1.92274, 0.00814152, -0.0190457)

[node name="InsideWall6" parent="LevelVisuals" instance=ExtResource("10_5r33i")]
transform = Transform3D(-4.37114e-08, 0, -1, 0, 1.13137, 0, 1, 0, -4.37114e-08, -3.2763, 0, 2.86293)

[node name="InsideWall7" parent="LevelVisuals" instance=ExtResource("10_5r33i")]
transform = Transform3D(-4.37114e-08, 0, -1, 0, 1.13137, 0, 1, 0, -4.37114e-08, -3.2763, 0, 4.74351)

[node name="InsideWall8" parent="LevelVisuals" instance=ExtResource("10_5r33i")]
transform = Transform3D(-4.37114e-08, 0, -1, 0, 1.13137, 0, 1, 0, -4.37114e-08, -3.2763, 0, 6.64186)

[node name="InsideWall10" parent="LevelVisuals" instance=ExtResource("10_5r33i")]
transform = Transform3D(-4.37114e-08, 0, -1, 0, 1.13137, 0, 1, 0, -4.37114e-08, -3.2763, 0, 8.56669)

[node name="InsideWall11" parent="LevelVisuals" instance=ExtResource("10_5r33i")]
transform = Transform3D(-4.37114e-08, 0, -1, 0, 1.13137, 0, 1, 0, -4.37114e-08, -3.2763, 0, 10.4557)

[node name="InsideWall12" parent="LevelVisuals" instance=ExtResource("10_5r33i")]
transform = Transform3D(0.998882, 0, 0.0472633, 0, 1.13137, 0, -0.0472633, 0, 0.998882, -2.26269, 0, 11.3747)

[node name="InsideWall13" parent="LevelVisuals" instance=ExtResource("10_5r33i")]
transform = Transform3D(1, 0, 0, 0, 1.13137, 0, 0, 0, 1, -0.333414, 0, 11.3249)

[node name="InsideWall14" parent="LevelVisuals" instance=ExtResource("10_5r33i")]
transform = Transform3D(1, 0, 0, 0, 1.13137, 0, 0, 0, 1, 1.59083, 0, 11.3249)

[node name="InsideWall15" parent="LevelVisuals" instance=ExtResource("10_5r33i")]
transform = Transform3D(1, 0, 0, 0, 1.13137, 0, 0, 0, 1, 3.51877, 0, 11.3249)

[node name="InsideWall16" parent="LevelVisuals" instance=ExtResource("10_5r33i")]
transform = Transform3D(-4.37114e-08, 0, -1, 0, 1.13137, 0, 1, 0, -4.37114e-08, 7.47265, 0, 8.53547)

[node name="InsideWall18" parent="LevelVisuals" instance=ExtResource("10_5r33i")]
transform = Transform3D(-4.37114e-08, 0, -1, 0, 1.13137, 0, 1, 0, -4.37114e-08, 7.47265, 0, 10.4409)

[node name="InsideWall17" parent="LevelVisuals" instance=ExtResource("10_5r33i")]
transform = Transform3D(-1, 0, 8.74228e-08, 0, 1.13137, 0, -8.74228e-08, 0, -1, 5.43775, 0, 11.2524)

[node name="Table" parent="LevelVisuals" instance=ExtResource("11_c7u4m")]
transform = Transform3D(1, 0, 0, 0, 1, 0, 0, 0, 1, -2.86739, 2.38419e-07, 8.49407)

[node name="Chair2" parent="LevelVisuals" instance=ExtResource("12_digcr")]
transform = Transform3D(-0.0564281, -0.0214795, -0.998176, -0.0213408, 0.999566, -0.020303, 0.998178, 0.0201561, -0.0568621, -2.22457, 0.0384319, 8.52675)

[node name="Chair" parent="LevelVisuals" instance=ExtResource("12_digcr")]
transform = Transform3D(1, 0, 0, 0, 1, 0, 0, 0, 1, -2.91271, -2.38419e-07, 7.69332)

[node name="Table2" parent="LevelVisuals" instance=ExtResource("11_c7u4m")]
transform = Transform3D(1, 0, 0, 0, 1, 0, 0, 0, 1, 0.0577198, 2.38419e-07, 10.766)

[node name="Chair3" parent="LevelVisuals" instance=ExtResource("12_digcr")]
transform = Transform3D(-0.0564281, -0.0214795, -0.998176, -0.0213408, 0.999566, -0.020303, 0.998178, 0.0201561, -0.0568621, 0.700534, 0.0384319, 10.7986)

[node name="Chair4" parent="LevelVisuals" instance=ExtResource("12_digcr")]
transform = Transform3D(1, 0, 0, 0, 1, 0, 0, 0, 1, 0.0123926, -2.38419e-07, 9.96522)

[node name="Table3" parent="LevelVisuals" instance=ExtResource("11_c7u4m")]
transform = Transform3D(1, 0, 0, 0, 1, 0, 0, 0, 1, -2.4902, 2.38419e-07, 10.8959)

[node name="Table4" parent="LevelVisuals" instance=ExtResource("11_c7u4m")]
transform = Transform3D(1, 0, 0, 0, 1, 0, 0, 0, 1, -0.796775, 2.38419e-07, 8.53052)

[node name="Chair5" parent="LevelVisuals" instance=ExtResource("12_digcr")]
transform = Transform3D(-0.0564281, -0.0214795, -0.998176, -0.0213408, 0.999566, -0.020303, 0.998178, 0.0201561, -0.0568621, -1.84738, 0.0384319, 10.9286)

[node name="Chair6" parent="LevelVisuals" instance=ExtResource("12_digcr")]
transform = Transform3D(1, 0, 0, 0, 1, 0, 0, 0, 1, -2.53553, -2.38419e-07, 10.0951)

[node name="ShelfHorror" parent="LevelVisuals" instance=ExtResource("13_yvso7")]
transform = Transform3D(-1.77705, 0, 1.55355e-07, 0, 1.77705, 0, -1.55355e-07, 0, -1.77705, 2.92031, -0.0148196, 0.533534)

[node name="ShelfHorror2" parent="LevelVisuals" instance=ExtResource("13_yvso7")]
transform = Transform3D(-1.77705, 0, 1.55355e-07, 0, 1.77705, 0, -1.55355e-07, 0, -1.77705, 1.78684, -0.0148196, 0.533534)

[node name="ShelfBucket" parent="LevelVisuals" instance=ExtResource("14_dnnxm")]
transform = Transform3D(-0.997495, -0.0411922, -0.057511, -0.0173933, 0.930833, -0.365031, 0.0685696, -0.363116, -0.929217, 2.95296, 0.679517, 0.464594)

[node name="ShelfBucket3" parent="LevelVisuals" instance=ExtResource("14_dnnxm")]
transform = Transform3D(0.998135, 0.00553299, -0.0607973, 0, 0.995885, 0.0906326, 0.0610485, -0.0904635, 0.994027, 2.95296, 0.306817, 0.579246)

[node name="ShelfBucket4" parent="LevelVisuals" instance=ExtResource("14_dnnxm")]
transform = Transform3D(0.998135, 0.00553299, -0.0607973, 0, 0.995885, 0.0906326, 0.0610485, -0.0904635, 0.994027, 1.7933, 0.306817, 0.579246)

[node name="ShelfBucket2" parent="LevelVisuals" instance=ExtResource("14_dnnxm")]
transform = Transform3D(-1, 3.18985e-08, 8.13955e-08, 0, 0.931056, -0.364877, -8.74228e-08, -0.364877, -0.931056, 1.81486, 0.679517, 0.465131)

[node name="WoodDecoShort" parent="LevelVisuals" instance=ExtResource("15_vk3yu")]
transform = Transform3D(1, 0, 0, 0, 1, 0, 0, 0, 1, 3.38762, -1.19209e-07, 3.70299)

[node name="CakeB" parent="LevelVisuals" instance=ExtResource("16_dbgsl")]
transform = Transform3D(0.0133495, 5.31971e-09, 0.335735, -0.0892581, 0.323908, 0.00354908, -0.323652, -0.0893286, 0.0128691, 3.07744, 0.72476, 0.513744)

[node name="CakeB2" parent="LevelVisuals" instance=ExtResource("16_dbgsl")]
transform = Transform3D(-0.00158986, -0.00417415, 0.340971, -0.0905863, 0.328728, 0.0036019, -0.328744, -0.0905618, -0.00264151, 2.86978, 0.72476, 0.513744)

[node name="CakeC" parent="LevelVisuals" instance=ExtResource("17_sxqvr")]
transform = Transform3D(-0.0644525, -0.0213037, 0.429671, -0.138884, 0.412233, -0.000394161, -0.407163, -0.137241, -0.0678809, 1.93314, 0.700461, 0.539989)

[node name="CakeC2" parent="LevelVisuals" instance=ExtResource("17_sxqvr")]
transform = Transform3D(0.129003, 0.0437391, 0.413122, -0.138408, 0.412393, -0.00044208, -0.391697, -0.131316, 0.136215, 1.70878, 0.700461, 0.528244)

[node name="Plate" parent="LevelVisuals" instance=ExtResource("18_1nc74")]
transform = Transform3D(1, 0, 0, 0, 1, 0, 0, 0, 1, -2.8228, 0.807598, 8.62826)

[node name="Plate2" parent="LevelVisuals" instance=ExtResource("18_1nc74")]
transform = Transform3D(1, 0, 0, 0, 1, 0, 0, 0, 1, -2.31438, 0.807598, 10.9213)

[node name="Plate3" parent="LevelVisuals" instance=ExtResource("18_1nc74")]
transform = Transform3D(1, 0, 0, 0, 1, 0, 0, 0, 1, 0.103225, 0.807598, 10.6042)

[node name="Cup1" parent="LevelVisuals" instance=ExtResource("19_5s5ka")]
transform = Transform3D(-0.279427, 0, 0.525305, 0, 0.595, 0, -0.525305, 0, -0.279427, -2.83349, 0.785059, 8.59847)

[node name="Cup2" parent="LevelVisuals" instance=ExtResource("19_5s5ka")]
transform = Transform3D(-0.279427, 0, 0.525305, 0, 0.595, 0, -0.525305, 0, -0.279427, -2.34301, 0.815135, 10.9095)

[node name="Cup3" parent="LevelVisuals" instance=ExtResource("19_5s5ka")]
transform = Transform3D(-0.279427, 0, 0.525305, 0, 0.595, 0, -0.525305, 0, -0.279427, 0.074083, 0.815135, 10.58)
